 -0.133582890      -8.13099667E-02
 -0.129469454       6.86873225E-09
 -0.133582830       8.13096464E-02
  -6.37074709E-02 -0.178596407    
  -4.85581160E-02  -9.04899165E-02
  -4.33913469E-02   6.48713572E-09
  -4.85581160E-02   9.04895663E-02
  -6.37073517E-02  0.178596079    
   4.65604663E-02 -0.102094077    
   5.31402826E-02   6.10553874E-09
   4.65604663E-02  0.102093697    
  0.154493749     -0.116977051    
  0.163004100       5.72394310E-09
  0.154493809      0.116976857    
 -0.123219460       2.85679698E-02
 -0.123219043      -2.85685658E-02
  -9.82832909E-03   1.18883252E-02
  -9.82719660E-03  -1.18891597E-02
  0.116173983      -7.78969675E-02
  0.116173983       7.78969675E-02
 -0.131927013     -0.113812074    
 -0.131927371      0.113811776    
  0.106838405      0.140299350    
  0.106837928     -0.140299812    
  -9.79340971E-02 -0.163626969    
 -0.115162581      -7.53175020E-02
 -0.130308449       2.44110823E-02
 -0.141312599      0.138057053    
 -0.141312629     -0.138057411    
 -0.130308419      -2.44113207E-02
 -0.115162581       7.53175020E-02
  -9.79340971E-02  0.163626969    
   9.09270644E-02 -0.151574403    
  -1.52675211E-02 -0.150310218    
  -2.28859782E-02  -6.42696023E-02
  -2.65033841E-02   3.13993692E-02
  -2.38169432E-02  0.138303459    
  0.125938892      0.153158292    
 -0.113618165      -8.35986137E-02
 -0.113617271       8.35988522E-02
  0.125941992     -0.153158545    
  -2.38168240E-02 -0.138303816    
  -2.65033841E-02  -3.13996673E-02
  -2.28859782E-02   6.42696023E-02
  -1.52675211E-02  0.150310218    
   9.09262300E-02  0.151572511    
  -6.01897836E-02  0.123326421    
  -5.33347130E-02  -2.58633159E-02
   6.50668442E-02 -0.145115852    
   6.55071437E-02  -6.28261566E-02
   7.11622238E-02   2.71570683E-02
   8.42960775E-02  0.125666499    
   1.71155632E-02   8.96665454E-02
   1.71162486E-02  -8.96670222E-02
   8.42961371E-02 -0.125666738    
   7.11622536E-02  -2.71573663E-02
   6.55071437E-02   6.28261566E-02
   6.50668442E-02  0.145115852    
  -5.33365011E-02   2.58635022E-02
  0.148785979      -6.90861344E-02
  0.161480039       1.43499970E-02
   5.77790737E-02   8.97341967E-02
   5.77707589E-02  -8.97388458E-02
  0.161480010      -1.43500566E-02
  0.148785979       6.90861344E-02
  -8.96969736E-02   7.86201954E-02
   8.59999657E-03   7.79198408E-02
   2.03010738E-02  0.177916586    
   2.03014314E-02 -0.177916706    
   9.85159278E-02   6.62537813E-02
  0.119647950      0.155402422    
  0.119647801     -0.155402720    
  0.179326296       4.70125079E-02
